0.4848057
0.4848057
0.4848057
0.2706877
0.2706877
0.4848057
0.4848057
0.4848057
0.4848057
0.2878398
0.2289018
0.283753
0.2289018
0.1755371
0.2764283
0.2706877
0.2706877
0.2706877
0.2706877
0.2706877
0.2706877
0.2706877
0.2706877
0.2706877
0.2706877
0.2706877
0.5110436
0.2337014
0.1832814
0.2289018
0.2289018
0.2533468
0.3367411
0.3265016
0.2289018
0.3367411
0.3576184
0.375566
0.2878398
0.2878398
0.1832814
0.3801504
0.2878398
0.2878398
0.2878398
0.1630621
0.1832814
0.2878398
0.1630621
0.06435311
0.3044446
0.2863254
0.4848057
0.2443692
0.2878398
0.2878398
0.2878398
0.1832814
0.1832814
0.06435311
0.2878398
0.3839252
0.4848057
0.2878398
0.3587171
0.2878398
0.2337014
0.2878398
0.2706877
0.2706877
0.1832814
0.1832814
0.2706877
0.2706877
0.4848057
0.1832814
0.4848057
0.4848057
0.4848057
0.3069417
0.2878398
0.4848057
0.5987866
0.1832814
0.2706877
0.3600256
0.2706877
0.3102529
0.2706877
0.2706877
0.2878398
0.2706877
0.4848057
0.3069417
0.2878398
0.4848057
0.1832814
0.2706877
0.2895025
0.4848057
0.5036337
0.2706877
0.5036337
0.2706877
0.2706877
0.2706877
0.2878398
0.2878398
0.3069417
0.3600256
0.2878398
0.3600256
0.1832814
0.2706877
0.2706877
0.2706877
0.2706877
0.3576184
0.2706877
0.4170059
0.2706877
0.2706877
0.4848057
0.1832814
0.2706877
0.4848057
0.1832814
0.1832814
0.3069417
0.2706877
0.2706877
0.2706877
0.2706877
0.4848057
0.2706877
0.2878398
0.2706877
0.2878398
0.2706877
0.2706877
0.1832814
0.4848057
0.1832814
0.2706877
0.2706877
0.4848057
0.4660555
0.4848057
0.4158376
0.2706877
0.2706877
0.4848057
0.2706877
0.2706877
0.1832814
0.2706877
0.2706877
0.3102529
0.4848057
0.2706877
0.1832814
0.5036337
0.2706877
0.1832814
0.4848057
0.2706877
0.2878398
0.2706877
0.2706877
0.2706877
0.2878398
0.3600256
0.2706877
0.2878398
0.2706877
0.3102529
0.1832814
0.2706877
0.2706877
0.5036337
0.2878398
0.3924243
0.1832814
0.1832814
0.1832814
0.2706877
0.4848057
0.1832814
0.2289018
0.2289018
0.2289018
0.2289018
0.2289018
0.2442447
0.2289018
0.2289018
0.283753
0.2442447
0.2442447
0.2289018
0.1755371
0.2289018
0.2442447
0.5141822
0.2289018
0.2289018
0.2289018
0.2289018
0.2289018
0.2289018
0.06314623
0.3587171
0.2878398
0.2706877
0.3723328
0.1832814
0.3587171
0.3587171
0.2706877
0.2878398
0.2878398
0.2878398
0.2706877
0.2443692
0.3587171
0.2878398
0.2878398
0.283753
0.1832814
0.2878398
0.1832814
0.1832814
0.1832814
0.1832814
0.283753
0.283753
0.283753
0.3587171
0.1832814
0.283753
0.2878398
0.1832814
0.3587171
0.4158376
0.2878398
0.1832814
0.3587171
0.1832814
0.1832814
0.2878398
0.1832814
0.1832814
0.1832814
0.2878398
0.06354999
0.283753
0.2878398
0.3587171
0.2706877
0.283753
0.2878398
0.2289018
0.3587171
0.2878398
0.1832814
0.06314623
0.283753
0.2706877
0.2706877
0.2706877
0.1832814
0.1832814
0.2878398
0.3587171
0.2878398
0.4848057
0.1832814
0.1832814
0.3400179
0.1832814
0.1832814
0.1832814
0.3587171
0.06314623
0.2706877
0.2878398
0.2337014
0.2337014
0.2337014
0.5110436
0.2289018
0.2304162
0.3102529
0.4848057
0.3571133
0.2706877
0.2706877
0.2706877
0.3587171
0.3587171
0.3587171
0.283753
0.2878398
0.2878398
0.2289018
0.2304162
0.2289018
0.3281571
0.2706877
0.3600256
0.2706877
0.2706877
0.4848057
0.2706877
0.2706877
0.2706877
0.2706877
0.3600256
0.3600256
0.4848057
0.2706877
0.2706877
0.2706877
0.2706877
0.2706877
0.2706877
0.2706877
0.2706877
0.2706877
0.2706877
0.2706877
0.2706877
0.2706877
0.2706877
0.4848057
0.2706877
0.2706877
0.4848057
0.3600256
0.3600256
0.3600256
0.4848057
0.3600256
0.3740516
0.283753
0.2289018
0.2289018
0.2289018
0.5036337
0.2289018
0.2289018
0.2289018
0.2289018
0.2289018
0.2289018
0.2289018
0.2289018
0.2289018
0.283753
0.283753
0.2289018
0.283753
0.3587171
0.4848057
0.283753
0.2289018
0.4848057
0.4848057
0.3400179
0.2878398
0.2878398
0.3587171
0.06354999
0.2304162
0.1832814
0.2337014
0.2945343
0.3334807
0.2945343
0.2945343
0.2945343
0.2945343
0.2945343
0.2337014
0.4064646
0.2945343
0.283753
0.283753
0.283753
0.283753
0.2289018
0.283753
0.283753
0.283753
0.283753
0.2289018
0.2289018
0.283753
0.283753
0.283753
0.283753
0.283753
0.283753
0.283753
0.283753
0.283753
0.1832814
0.1832814
0.1832814
0.1832814
0.2289018
0.1832814
0.1832814
0.1832814
0.4848057
0.1832814
0.1832814
0.1832814
0.1832814
0.1832814
0.0450877
0.2706877
0.4848057
0.4848057
0.4848057
0.4848057
0.4848057
0.3600256
0.4848057
0.3600256
0.4848057
0.3600256
0.4848057
0.2289018
0.3367411
0.5110436
0.3367411
0.5441217
0.283753
0.283753
0.283753
0.283753
0.4848057
0.3587171
0.283753
0.2289018
0.283753
0.3587171
0.3587171
0.283753
0.2289018
0.3587171
0.2289018
0.283753
0.283753
0.3587171
0.3587171
0.3587171
0.3587171
0.2706877
0.2706877
0.2706877
0.2706877
0.366648
0.366648
0.2289018
0.2289018
0.283753
0.2289018
0.2289018
0.283753
0.3265016
0.3587171
0.4848057
0.4848057
0.4329897
0.4848057
0.3879572
0.2945343
0.283753
0.283753
0.2289018
0.283753
0.2289018
0.2706877
0.2706877
0.2706877
0.2706877
0.2706877
0.3600256
0.2706877
0.3600256
0.4848057
0.4848057
0.4848057
0.4848057
0.4848057
0.4848057
0.4848057
0.4848057
0.4848057
0.4848057
0.4848057
0.4848057
0.4848057
0.4848057
0.4848057
0.4848057
0.4848057
0.4848057
0.4848057
0.2289018
0.2289018
0.2289018
0.1832814
0.2706877
0.1832814
0.2878398
0.2878398
0.2878398
0.5036337
0.3069417
0.3069417
0.2878398
0.3069417
0.2878398
0.4848057
0.4848057
0.4848057
0.4848057
0.4848057
0.4848057
0.4848057
0.2289018
0.2289018
0.2289018
0.2878398
0.2706877
0.2706877
0.3576184
0.3576184
0.4329897
0.6157345
0.5646944
0.6157345
0.3924243
0.3576184
0.3924243
0.5646944
0.3367411
0.2289018
0.2289018
0.2289018
0.3801504
0.3587171
0.2706877
0.3600256
0.2706877
0.2706877
0.3234348
0.4848057
0.3600256
0.3600256
0.3234348
0.2706877
0.2706877
0.2706877
0.2289018
0.2289018
0.2289018
0.1832814
0.2706877
0.3367411
0.283753
0.3367411
0.2706877
0.283753
0.2706877
0.2878398
0.2706877
0.4660555
0.4329897
0.3234348
0.3600256
0.2706877
0.3924243
0.5036337
0.1832814
0.3576184
0.4329897
0.3576184
0.5436629
0.2878398
0.4329897
0.3576184
0.2878398
0.5036337
0.6157345
0.5141822
0.283753
0.3924243
0.4848057
0.3924243
0.4848057
0.3924187
0.3924187
0.283753
0.283753
0.2289018
0.2337014
0.2337014
0.2289018
0.2337014
0.2337014
0.2337014
0.2337014
0.2337014
0.2289018
0.2863254
0.2289018
0.2878398
0.283753
0.3587171
0.3314361
0.3314361
0.3587171
0.2764283
0.3587171
0.2289018
0.3587171
0.3587171
0.283753
0.2878398
0.2337014
0.2289018
0.3400179
0.283753
0.283753
0.2337014
0.2289018
0.06354999
0.5110436
0.2289018
0.283753
0.2289018
0.283753
0.2289018
0.3314361
0.2364135
0.3314361
0.2289018
0.283753
0.283753
0.2289018
0.283753
0.366648
0.2289018
0.2289018
0.283753
0.2289018
0.2337014
0.2289018
0.4096923
0.2289018
0.283753
0.2289018
0.2289018
0.2289018
0.2289018
0.2289018
0.2289018
0.3367411
0.5110436
0.3367411
0.2642759
0.2289018
0.2337014
0.2289018
0.2289018
0.2289018
0.283753
0.2993138
0.2289018
0.2878398
0.1832814
0.3234348
0.3234348
0.4848057
0.3600256
0.4848057
0.2706877
0.4848057
0.2706877
0.4848057
0.1832814
0.4848057
0.4848057
0.2706877
0.3587171
0.2764283
0.3587171
0.3587171
0.2289018
0.2878398
0.4064646
0.2337014
0.2945343
0.2945343
0.174959
0.2945343
0.3014607
0.2337014
0.2337014
0.428466
0.2945343
0.2945343
0.2945343
0.2878398
0.1832814
0.3587171
0.3587171
0.3587171
0.3587171
0.3587171
0.3587171
0.3587171
0.3587171
0.3587171
0.3587171
0.3587171
0.3587171
0.2764283
0.3723328
0.4158376
0.1832814
0.2706877
0.2706877
0.1832814
0.1832814
0.2706877
0.1832814
0.2706877
0.4848057
0.2289018
0.2289018
0.283753
0.2289018
0.2289018
0.2878398
0.3367411
0.2289018
0.04258326
0.3367411
0.5036337
0.5036337
0.3367411
0.5036337
0.2878398
0.5036337
0.5141822
0.5036337
0.5036337
0.3367411
0.06435311
0.283753
0.5036337
0.5036337
0.2295899
0.3924187
0.3909043
0.2945343
0.3879572
0.2945343
0.2945343
0.2945343
0.1755371
0.1630621
0.2337014
0.4848057
0.4064646
0.6178876
0.4857441
0.6157345
0.5646944
0.2289018
0.283753
0.2289018
0.1832814
0.283753
0.2289018
0.2289018
0.2878398
0.2289018
0.283753
0.2878398
0.2289018
0.3265016
0.2289018
0.2878398
0.3839252
0.3587171
0.3587171
0.2289018
0.2706877
0.2706877
0.2706877
0.2993138
0.2863254
0.283753
0.4508981
0.2289018
0.2289018
0.2289018
0.2706877
0.5141822
0.2706877
0.2706877
0.3587171
0.3587171
0.2289018
0.3587171
0.3587171
0.3587171
0.4329897
0.5202096
0.5290751
0.439843
0.2289018
0.2289018
0.3769735
0.2706877
0.2289018
0.2289018
0.5036337
0.5141822
0.5646944
0.2706877
0.2706877
0.2706877
0.2706877
0.2706877
0.2706877
0.2706877
0.2706877
0.2706877
0.283753
0.283753
0.283753
0.2304162
0.283753
0.283753
0.283753
0.2289018
0.2289018
0.283753
0.283753
0.283753
0.283753
0.283753
0.283753
0.283753
0.283753
0.283753
0.283753
0.283753
0.283753
0.283753
0.2289018
0.283753
0.2289018
0.283753
0.283753
0.283753
0.283753
0.283753
0.283753
0.283753
0.283753
0.283753
0.2289018
0.2289018
0.283753
0.283753
0.2289018
0.283753
0.283753
0.2289018
0.283753
0.2289018
0.283753
0.283753
0.283753
0.2289018
0.283753
0.283753
0.2289018
0.283753
0.3740516
0.5202096
0.5036265
0.4329897
0.5987866
0.2289018
0.2878398
0.4848057
0.2878398
0.2304162
0.2878398
0.3587171
0.283753
0.2764283
0.283753
0.3600256
0.2706877
0.2706877
0.3234348
0.2706877
0.4848057
0.2706877
0.3234348
0.3234348
0.2706877
0.2706877
0.3600256
0.3234348
0.3400179
0.3234348
0.3234348
0.3234348
0.2706877
0.2706877
0.3234348
0.3600256
0.3600256
0.3234348
0.2706877
0.2706877
0.3234348
0.2706877
0.3600256
0.3247973
0.8949271
0.6730386
0.4359997
0.1630621
0.2289018
0.2878398
0.2289018
0.2289018
0.2289018
0.2289018
0.2289018
0.3924187
0.1832814
0.2289018
0.2289018
0.2289018
0.3587171
0.2289018
0.2289018
0.2289018
0.2289018
0.2764283
0.2289018
0.2289018
0.2289018
0.2289018
0.3587171
0.3587171
0.3587171
0.3367411
0.3587171
0.283753
0.283753
0.2289018
0.2289018
0.283753
0.2289018
0.2289018
0.283753
0.2289018
0.2289018
0.283753
0.2289018
0.2289018
0.283753
0.283753
0.2289018
0.283753
0.2289018
0.283753
0.283753
0.283753
0.2289018
0.2289018
0.283753
0.3587171
0.3587171
0.283753
0.2289018
0.2289018
0.2289018
0.2289018
0.2289018
0.283753
0.2289018
0.2289018
0.3587171
0.2289018
0.2289018
0.5110436
0.2289018
0.2289018
0.2289018
0.3587171
0.2289018
0.2289018
0.2289018
0.283753
0.3587171
0.2289018
0.2289018
0.283753
0.2289018
0.283753
0.2289018
0.2289018
0.2289018
0.2289018
0.2289018
0.283753
0.3587171
0.283753
0.3587171
0.2289018
0.283753
0.1832814
0.2706877
0.3924187
0.3924187
0.3924187
0.3924187
0.3909043
0.3924187
0.3924187
0.2337014
0.3367411
0.3367411
0.5110436
0.5110436
0.3367411
0.5817243
0.5110436
0.2993138
0.3576184
0.2706877
0.2706877
0.2706877
0.2706877
0.2706877
0.2706877
0.1832814
0.2706877
0.2706877
0.2706877
0.2706877
0.2706877
0.3234348
0.2706877
0.2764283
0.2764283
0.4096923
0.2764283
0.2764283
0.2764283
0.2764283
0.366648
0.2764283
0.2706877
0.2706877
0.3587171
0.3587171
0.3801504
0.3587171
0.3587171
0.3587171
0.5110436
0.3587171
0.283753
0.3587171
0.3587171
0.283753
0.283753
0.283753
0.3587171
0.283753
0.283753
0.3587171
0.3265016
0.283753
0.2289018
0.283753
0.2289018
0.2289018
0.283753
0.283753
0.283753
0.4329897
0.6157345
0.4848057
0.2706877
0.2706877
0.2706877
0.2706877
0.2706877
0.2706877
0.2706877
0.2706877
0.2706877
0.2706877
0.2337014
0.2337014
0.3924243
0.283753
0.2706877
0.4848057
0.4848057
0.2706877
0.2706877
0.3600256
0.3600256
0.2706877
0.2706877
0.2706877
0.4848057
0.2706877
0.2706877
0.3234348
0.2706877
0.2706877
0.2706877
0.3234348
0.3924243
0.2289018
0.2289018
0.5110436
0.283753
0.283753
0.2289018
0.2289018
0.283753
0.5110436
0.2533468
0.2289018
0.2289018
0.2289018
0.2289018
0.3885027
0.2337014
0.2764283
0.3265016
0.2289018
0.08724197
0.2289018
0.2289018
0.2289018
0.2706877
0.1832814
0.2878398
0.2706877
0.1832814
0.1832814
0.1832814
0.3576184
0.1832814
0.2878398
0.2706877
0.2706877
0.4121308
0.4848057
0.2895025
0.2706877
0.2706877
0.4848057
0.4848057
0.2706877
0.3924243
0.2289018
0.283753
0.2706877
0.2706877
0.2289018
0.2289018
0.2289018
0.2289018
0.5817243
0.2337014
0.5110436
0.2289018
0.5036337
0.2878398
0.2878398
0.2706877
0.3281571
0.3281571
0.2878398
0.3281571
0.3314361
0.246287
0.3314361
0.4096923
0.3723328
0.2878398
0.3658144
0.2289018
0.2289018
0.5110436
0.283753
0.283753
0.2289018
0.2289018
0.283753
0.2289018
0.283753
0.283753
0.283753
0.2289018
0.2289018
0.283753
0.283753
0.2289018
0.283753
0.283753
0.283753
0.2289018
0.283753
0.283753
0.283753
0.283753
0.283753
0.2289018
0.2289018
0.283753
0.283753
0.283753
0.2289018
0.2289018
0.283753
0.283753
0.2289018
0.283753
0.283753
0.283753
0.283753
0.2289018
0.2289018
0.283753
0.2289018
0.2289018
0.283753
0.2289018
0.283753
0.283753
0.2289018
0.2289018
0.2289018
0.2289018
0.283753
0.2289018
0.283753
0.283753
0.283753
0.2289018
0.2289018
0.2289018
0.283753
0.2289018
0.2289018
0.2289018
0.2289018
0.2289018
0.2289018
0.2289018
0.283753
0.2289018
0.2289018
0.283753
0.283753
0.2289018
0.2289018
0.2289018
0.2289018
0.2289018
0.2289018
0.2289018
0.2289018
0.2289018
0.3314361
0.2706877
0.2706877
0.2706877
0.2706877
0.2706877
0.2878398
0.2878398
0.2706877
0.2706877
0.2878398
0.2706877
0.2878398
0.3769735
0.3587171
0.2706877
0.4848057
0.3600256
0.4848057
0.1832814
0.2706877
0.3600256
0.4848057
0.3600256
0.4848057
0.2706877
0.2121956
0.4848057
0.4848057
0.2267452
0.4848057
0.2706877
0.4848057
0.4848057
0.1832814
0.2706877
0.2706877
0.4848057
0.4848057
0.4848057
0.4848057
0.2878398
0.4848057
0.3600256
0.4848057
0.2878398
0.3587171
0.3587171
0.2289018
0.3234348
0.2878398
0.3600256
0.2706877
0.3600256
0.2706877
0.2706877
0.2706877
0.2706877
0.2706877
0.2706877
0.2706877
0.2706877
0.2706877
0.2706877
0.2706877
0.2706877
0.2289018
0.2289018
0.2878398
0.06354999
0.283753
0.06314623
0.2289018
0.2289018
0.2289018
0.06314623
0.06314623
0.06314623
0.2878398
0.2289018
0.2878398
0.2289018
0.2878398
0.2863254
0.1630621
0.1630621
0.2706877
0.06314623
0.2878398
0.2878398
0.1755371
0.2289018
0.2289018
0.283753
0.2289018
0.3587171
0.2289018
0.3587171
0.2289018
0.3587171
0.2289018
0.3587171
0.283753
0.2878398
0.2878398
0.1832814
0.2878398
0.2706877
0.2706877
0.3234348
0.4848057
0.2706877
0.2706877
0.4848057
0.3600256
0.2706877
0.3600256
0.3600256
0.3600256
0.2706877
0.2706877
0.2706877
0.283753
0.283753
0.283753
0.283753
0.2289018
0.2364135
0.2289018
0.283753
0.283753
0.283753
0.2289018
0.283753
0.283753
0.283753
0.283753
0.283753
0.283753
0.2289018
0.2289018
0.283753
0.2289018
0.2289018
0.283753
0.283753
0.283753
0.2289018
0.2289018
0.283753
0.283753
0.283753
0.283753
0.2289018
0.283753
0.283753
0.283753
0.2289018
0.3234348
0.2706877
0.3234348
0.3234348
0.3600256
0.4848057
0.5036337
0.2878398
0.2878398
0.2878398
0.2878398
0.3924243
0.3924243
0.2706877
0.2706877
0.06747083
0.2706877
0.2706877
0.2706877
0.2706877
0.2706877
0.2706877
0.1832814
0.2706877
0.2706877
0.2706877
0.2706877
0.2706877
0.2706877
0.2706877
0.2706877
0.2706877
0.2706877
0.2706877
0.2706877
0.2706877
0.2706877
0.2706877
0.2289018
0.2289018
0.2289018
0.2289018
0.2289018
0.2289018
0.2878398
0.2289018
0.2878398
0.2289018
0.2878398
0.2878398
0.2289018
0.2878398
0.283753
0.2289018
0.2289018
0.2289018
0.2289018
0.2878398
0.2289018
0.283753
0.1630621
0.2706877
0.283753
0.2878398
0.283753
0.2878398
0.2289018
0.3587171
0.5817243
0.2289018
0.283753
0.283753
0.2706877
0.2706877
0.2706877
0.4848057
0.4848057
0.4848057
0.4848057
0.06314623
0.2878398
0.2337014
0.3587171
0.3587171
0.2289018
0.5036337
0.3587171
0.2764283
0.5036337
0.5110436
0.5036337
0.5036337
0.5036337
0.06077864
0.3587171
0.5110436
0.5110436
0.3587171
0.5110436
0.5110436
0.5036337
0.3587171
0.5110436
0.3882736
0.3576184
0.2878398
0.1832814
0.1832814
0.3882736
0.3723328
0.3723328
0.3882736
0.3723328
0.3882736
0.3882736
0.3723328
0.2878398
0.3281571
0.1832814
0.1832814
0.3723328
0.3576184
0.3723328
0.1832814
0.3576184
0.3882736
0.2878398
0.1832814
0.2878398
0.3281571
0.4329897
0.3281571
0.1832814
0.1832814
0.1832814
0.2706877
0.2706877
0.1832814
0.3587171
0.283753
0.3587171
0.3587171
0.3587171
0.3587171
0.2289018
0.3587171
0.3587171
0.3587171
0.3587171
0.283753
0.3587171
0.3587171
0.283753
0.3587171
0.3587171
0.3587171
0.3587171
0.3801504
0.283753
0.3587171
0.3587171
0.3587171
0.3587171
0.3587171
0.283753
0.366648
0.3587171
0.283753
0.3587171
0.3587171
0.3587171
0.3587171
0.3587171
0.2289018
0.2289018
0.2289018
0.2289018
0.2706877
0.3587171
0.4297533
0.3587171
0.1832814
0.3587171
0.3069417
0.06314623
0.2878398
0.2289018
0.2878398
0.2289018
0.2337014
0.2878398
0.3265016
0.2878398
0.2337014
0.283753
0.2878398
0.2289018
0.2289018
0.2878398
0.2289018
0.3587171
0.283753
0.3600256
0.1909243
0.2878398
0.2878398
0.2706877
0.2706877
0.2706877
0.2706877
0.283753
0.2364135
0.2289018
0.283753
0.283753
0.283753
0.3587171
0.3587171
0.3587171
0.3587171
0.3587171
0.3587171
0.3587171
0.2993138
0.3587171
0.2993138
0.283753
0.2289018
0.2289018
0.283753
0.3587171
0.2289018
0.2289018
0.283753
0.283753
0.2289018
0.283753
0.2289018
0.283753
0.2289018
0.2878398
0.2878398
0.283753
0.283753
0.283753
0.283753
0.2289018
0.2289018
0.2289018
0.2304162
0.283753
0.4848057
0.4848057
0.5202096
0.5665574
0.5665574
0.5665574
0.3576184
0.5665574
0.4329897
0.6284796
0.2289018
0.4329897
0.4329897
0.3498741
0.5646944
0.6157345
0.2289018
0.2878398
0.2289018
0.2289018
0.2289018
0.2289018
0.2289018
0.2289018
0.3247973
0.4440761
0.375566
0.3576184
0.3576184
0.3498741
0.3576184
0.3576184
0.439843
0.2289018
0.2706877
0.4848057
0.4848057
0.4848057
0.3587171
0.3587171
0.3587171
0.3587171
0.2289018
0.4508328
0.2878398
0.1832814
0.2878398
0.3069417
0.3400179
0.3400179
0.2878398
0.3769735
0.4848057
0.2706877
0.3600256
0.2706877
0.2706877
0.4848057
0.2878398
0.4848057
0.2706877
0.5110436
0.283753
0.283753
0.2289018
0.2289018
0.2289018
0.2289018
0.2289018
0.2289018
0.283753
0.9949097
0.2706877
0.3234348
0.3234348
0.4848057
0.4848057
0.3587171
0.3587171
0.2706877
0.4102544
0.2289018
0.3587171
0.3367411
0.3587171
0.2289018
0.3587171
0.2289018
0.2878398
0.5036337
0.2289018
0.2289018
0.2289018
0.3367411
0.3587171
0.2289018
0.4096923
0.3587171
0.4848057
0.4848057
0.2993138
0.2945343
0.2945343
0.2945343
0.2337014
0.4064646
0.3234348
0.3600256
0.3801504
0.3587171
0.2289018
0.2289018
0.5036337
0.5110436
0.3801504
0.5110436
0.283753
0.283753
0.3587171
0.283753
0.2289018
0.4329897
0.3015879
0.4848057
0.2706877
0.2878398
0.3602315
0.2878398
0.2304162
0.283753
0.283753
0.2289018
0.283753
0.4502835
0.3587171
0.2878398
0.283753
0.283753
0.2289018
0.2289018
0.2289018
0.3587171
0.2289018
0.2289018
0.2289018
0.2289018
0.2289018
0.2289018
0.2289018
0.283753
0.2289018
0.2289018
0.2289018
0.283753
0.2289018
0.2289018
0.2289018
0.3587171
0.2764283
0.2337014
0.2764283
0.283753
0.3801504
0.3587171
0.2289018
0.283753
0.4787817
0.2289018
0.5141822
0.2337014
0.2289018
0.2289018
0.5110436
0.5110436
0.2289018
0.2289018
0.2764283
0.5110436
0.2289018
0.2337014
0.2289018
0.2289018
0.2289018
0.2289018
0.2337014
0.2289018
0.2289018
0.2289018
0.2289018
0.2289018
0.2289018
0.2289018
0.2289018
0.2337014
0.2289018
0.2289018
0.2764283
0.3314361
0.2289018
0.3498741
0.3576184
0.2289018
0.3587171
0.3334807
0.3701542
0.3882736
0.2289018
0.283753
0.06077864
0.2289018
0.2289018
0.283753
0.2993138
0.2289018
0.06077864
0.06077864
0.3367411
0.283753
0.5110436
0.283753
0.2289018
0.2289018
0.2289018
0.3801504
0.3587171
0.5141822
0.5141822
0.5141822
0.5141822
0.2289018
0.5141822
0.5141822
0.5141822
0.5141822
0.5141822
0.5141822
0.5141822
0.5141822
0.5141822
0.5141822
0.5141822
0.5141822
0.2706877
0.4848057
0.2295899
0.2337014
0.3924187
0.2295899
0.3909043
0.2295899
0.3924187
0.3924187
0.3924187
0.2337014
0.3924187
0.3924187
0.3924187
0.3924187
0.3924187
0.3924187
0.3924187
0.3015879
0.3909043
0.2295899
0.3014607
0.3924187
0.3909043
0.3924187
0.3334807
0.3924187
0.3924187
0.3924187
0.3924187
0.3924187
0.3924187
0.2878398
0.3924187
0.3924187
0.3924187
0.3924187
0.3924187
0.3924187
0.3924187
0.3924187
0.3924187
0.3924187
0.2706877
0.4848057
0.2289018
0.283753
0.4508328
0.3740516
0.5141822
0.2878398
0.2764283
0.2764283
0.283753
0.2289018
0.2289018
0.3102529
0.3234348
0.2267452
0.3234348
0.3234348
0.3234348
0.3234348
0.3234348
0.3234348
0.3367411
0.3367411
0.2706877
0.2706877
0.4848057
0.4848057
0.4848057
0.2706877
0.4848057
0.4848057
0.4848057
0.4848057
0.4848057
0.4848057
0.4848057
0.4848057
0.2706877
0.4848057
0.4848057
0.4848057
0.4848057
0.4848057
0.2706877
0.2706877
0.4848057
0.4848057
0.4848057
0.2706877
0.4848057
0.4848057
0.4848057
0.2706877
0.2706877
0.4848057
0.283753
0.3587171
0.3587171
0.3587171
0.3281571
0.3281571
0.3576184
0.3281571
0.3576184
0.3281571
0.4848057
0.283753
0.283753
0.283753
0.283753
0.283753
0.2289018
0.283753
0.3587171
0.3587171
0.2289018
0.5036337
0.3740516
0.4716514
0.4508328
0.3740516
0.2289018
0.2289018
0.2289018
0.2289018
0.5110436
0.5110436
0.3587171
0.5110436
0.3801504
0.3587171
0.3367411
0.5110436
0.5110436
0.5110436
0.2289018
0.5110436
0.3801504
0.2442447
0.5110436
0.5110436
0.5110436
0.3587171
0.5110436
0.5110436
0.3587171
0.283753
0.2289018
0.2706877
0.4158376
0.3576184
0.3924243
0.2706877
0.3587171
0.283753
0.283753
0.283753
0.2289018
0.3587171
0.3587171
0.3587171
0.2289018
0.283753
0.2878398
0.2337014
0.1630621
0.2993138
0.2337014
0.428466
0.2878398
0.2337014
0.4064646
0.3014607
0.5514843
0.3069417
0.0450877
0.2878398
0.2878398
0.2337014
0.2337014
0.246287
0.283753
0.2878398
0.4954735
0.2878398
0.5036337
0.2878398
0.3924243
0.5110436
0.2289018
0.2706877
0.5817243
0.283753
0.2878398
0.2706877
0.2706877
0.2706877
0.2706877
0.2706877
0.2706877
0.2706877
0.2706877
0.2706877
0.2706877
0.2706877
0.2706877
0.2706877
0.2706877
0.2706877
0.2706877
0.1832814
0.2706877
0.2706877
0.2706877
0.2930502
0.3576184
0.3587171
0.2706877
0.2878398
0.2706877
0.2706877
0.2706877
0.2289018
0.3587171
0.2576419
0.4359997
0.5110436
0.8949271
0.2337014
0.3549527
0.4359997
0.283753
0.2878398
0.3658144
0.2289018
0.2706877
0.3587171
0.3587171
0.06314623
0.2706877
0.1832814
0.06314623
0.2706877
0.3234348
0.1832814
0.2706877
0.2706877
0.3587171
0.3587171
0.3587171
0.5110436
0.3587171
0.5110436
0.3587171
0.4834947
0.4329897
0.283753
0.06314623
0.2706877
0.2878398
0.3400179
0.2878398
0.3587171
0.283753
0.2706877
0.2764283
0.2289018
0.283753
0.283753
0.3587171
0.2706877
0.2706877
0.5151893
0.5141822
0.3801504
0.2289018
0.3367411
0.3801504
0.3367411
0.283753
0.5955567
0.2289018
0.2289018
0.283753
0.2289018
0.2289018
0.283753
0.2289018
0.283753
0.2289018
0.4848057
0.2706877
0.4848057
0.2289018
0.5141822
0.2289018
0.2706877
0.2706877
0.2706877
0.2706877
0.2706877
0.2706877
0.2706877
0.2706877
0.2706877
0.2706877
0.2706877
0.2706877
0.2706877
0.2706877
0.2706877
0.2706877
0.2706877
0.2289018
0.2289018
0.2289018
0.283753
0.2289018
0.2945343
0.06354999
0.2945343
0.2337014
0.2945343
0.2945343
0.2945343
0.2289018
0.4848057
0.5817243
0.3234348
0.2706877
0.3234348
0.3600256
0.5110436
0.366648
0.5110436
0.2289018
0.2878398
0.283753
0.2289018
0.3587171
0.2289018
0.2289018
0.2289018
0.283753
0.283753
0.3658144
0.2993138
0.283753
0.283753
0.5110436
0.2642759
0.5141822
0.283753
0.3587171
0.3587171
0.2289018
0.2289018
0.06354999
0.2289018
0.366648
0.2337014
0.2764283
0.2993138
0.2289018
0.4096923
0.2337014
0.3069417
0.1724829
0.3069417
0.2289018
0.2878398
0.4857441
0.2706877
0.2706877
0.2289018
0.2706877
0.2706877
0.2289018
0.2289018
0.2706877
0.1832814
0.1832814
0.2289018
0.2289018
0.2337014
0.2706877
0.2706877
0.2706877
0.2706877
0.2706877
0.2706877
0.2706877
0.2706877
0.2706877
0.2706877
0.2706877
0.2706877
0.2706877
0.2706877
0.2706877
0.2706877
0.1832814
0.2706877
0.2706877
0.2706877
0.2706877
0.2706877
0.5290751
0.338723
0.3600256
0.2706877
0.1832814
0.9358205
0.3828315
0.3828315
0.3769735
0.5141822
0.3924243
0.5036337
0.5036337
0.2878398
0.2706877
0.2706877
0.2706877
0.3234348
0.2706877
0.3234348
0.2706877
0.3234348
0.2706877
0.2706877
0.4848057
0.3234348
0.4848057
0.4848057
0.4848057
0.4848057
0.4848057
0.4848057
0.4848057
0.4848057
0.4848057
0.2706877
0.2706877
0.2706877
0.2706877
0.2706877
0.2706877
0.4848057
0.2289018
0.2289018
0.2289018
0.3924243
0.3658144
0.3658144
0.3658144
0.2289018
0.2878398
0.2878398
0.2878398
0.2878398
0.2878398
0.3587171
0.2289018
0.2289018
0.3587171
0.2878398
0.3769735
0.3769735
0.4848057
0.4848057
0.4848057
0.4848057
0.4848057
0.3400179
0.2706877
0.3769735
0.3769735
0.2267452
0.2878398
0.3769735
0.3400179
0.2878398
0.2706877
0.2706877
0.2706877
0.4848057
0.3769735
0.4848057
0.3769735
0.2706877
0.4848057
0.3769735
0.1832814
0.4848057
0.2878398
0.3281571
0.3600256
0.3769735
0.3769735
0.4848057
0.3400179
0.5036337
0.2527388
0.3600256
0.3769735
0.4848057
0.5036337
0.3769735
0.5141822
0.5028381
0.2706877
0.3769735
0.2878398
0.3769735
0.2267452
0.2267452
0.2267452
0.3600256
0.2267452
0.3600256
0.3400179
0.4848057
0.2878398
0.4848057
0.3234348
0.06354999
0.2878398
0.2706877
0.2878398
0.2878398
0.3600256
0.2706877
0.2706877
0.1832814
0.1832814
0.1832814
0.3600256
0.1832814
0.3234348
0.2878398
0.1832814
0.1832814
0.2706877
0.06314623
0.2706877
0.2706877
0.2706877
0.4848057
0.1832814
0.2878398
0.2706877
0.2706877
0.2706877
0.3600256
0.2289018
0.5036337
0.3400179
0.2289018
0.5036337
0.2576419
0.5036337
0.5036337
0.5036337
0.5110436
0.5110436
0.2289018
0.283753
0.2289018
0.5110436
0.283753
0.5110436
0.2289018
0.5110436
0.5110436
0.3587171
0.2267452
0.2878398
0.1832814
0.1832814
0.1832814
0.2706877
0.2878398
0.2706877
0.2706877
0.2878398
0.3400179
0.2706877
0.2289018
0.3234348
0.283753
0.2289018
0.283753
0.3587171
0.3587171
0.3587171
0.3367411
0.3367411
0.3265016
0.3924243
0.3924243
0.2878398
0.2878398
0.06354999
0.1909243
0.06077864
0.5036337
0.5036337
0.5036337
0.5036337
0.06314623
0.06314623
0.5036337
0.5036337
0.5036337
0.5036337
0.3367411
0.5036337
0.3769735
0.5646944
0.5646944
0.4716514
0.5028381
0.4508981
0.2289018
0.2289018
0.2878398
0.2289018
0.2289018
0.2289018
0.2289018
0.2878398
0.2878398
0.2878398
0.2878398
0.2878398
0.1832814
0.1832814
0.06354999
0.2878398
0.06314623
0.283753
0.06354999
0.06314623
0.2878398
0.2878398
0.2706877
0.283753
0.283753
0.283753
0.283753
0.283753
0.283753
0.283753
0.283753
0.283753
0.283753
0.283753
0.283753
0.283753
0.2289018
0.283753
0.2289018
0.2289018
0.2289018
0.283753
0.283753
0.283753
0.2289018
0.283753
0.283753
0.283753
0.366648
0.283753
0.2289018
0.2289018
0.2289018
0.2289018
0.2289018
0.283753
0.283753
0.283753
0.283753
0.283753
0.3587171
0.2289018
0.2289018
0.2289018
0.2289018
0.2289018
0.283753
0.2289018
0.283753
0.3587171
0.2289018
0.283753
0.283753
0.3587171
0.2289018
0.283753
0.283753
0.2289018
0.283753
0.2289018
0.2289018
0.2289018
0.2289018
0.2289018
0.283753
0.283753
0.283753
0.2289018
0.283753
0.2289018
0.283753
0.283753
0.3587171
0.283753
0.2289018
0.3587171
0.2289018
0.283753
0.283753
0.283753
0.2289018
0.3740516
0.5110436
0.3498741
0.3498741
0.4440761
0.3576184
0.2289018
0.5110436
0.5141822
0.9358205
0.3576184
0.3740516
0.5110436
0.4018715
0.9949097
0.3387028
0.3740516
0.2289018
0.3387028
0.3498741
0.3817482
0.5110436
0.3498741
0.3740516
0.5110436
0.2930502
0.2304162
0.3387028
0.3938779
0.2930502
0.4143232
0.3498741
0.2289018
0.06077864
0.2706877
0.2878398
0.3924243
0.4848057
0.3367411
0.3367411
0.5110436
0.3367411
0.5110436
0.2289018
0.5061028
0.2289018
0.3801504
0.3801504
0.2289018
0.2289018
0.2289018
0.2289018
0.3587171
0.283753
0.283753
0.428466
0.2878398
0.2878398
0.2878398
0.4064646
0.283753
0.2289018
0.2289018
0.283753
0.4508981
0.4508981
0.3769735
0.4329897
0.3769735
0.4508981
0.5036337
0.5202096
0.5202096
0.1832814
0.2289018
0.3400179
0.3587171
0.2764283
0.2878398
0.2878398
0.283753
0.366648
0.2878398
0.2878398
0.2289018
0.3014607
0.2289018
0.2289018
0.350517
0.366648
0.2289018
0.2764283
0.2764283
0.2289018
0.5036337
0.2764283
0.2878398
0.2337014
0.2289018
0.2878398
0.2764283
0.2289018
0.2642759
0.2764283
0.2337014
0.2878398
0.2289018
0.2764283
0.2878398
0.2764283
0.2289018
0.2764283
0.2289018
0.5036337
0.5036337
0.2764283
0.283753
0.2764283
0.2764283
0.2289018
0.5036337
0.4168054
0.2764283
0.2289018
0.2289018
0.3587171
0.3587171
0.283753
0.283753
0.283753
0.4848057
0.2878398
0.3587171
0.5110436
0.283753
0.2289018
0.2289018
0.2289018
0.283753
0.283753
0.2337014
0.2337014
0.2337014
0.04258326
0.246287
0.2289018
0.283753
0.283753
0.283753
0.283753
0.2289018
0.283753
0.283753
0.2289018
0.283753
0.283753
0.283753
0.2289018
0.283753
0.283753
0.3882736
0.3576184
0.3882736
0.3882736
0.2706877
0.3234348
0.3234348
0.3234348
0.3234348
0.3234348
0.2706877
0.2706877
0.3234348
0.2706877
0.3234348
0.3234348
0.3234348
0.3234348
0.3234348
0.3234348
0.2706877
0.3234348
0.3234348
0.2706877
0.2706877
0.283753
0.283753
0.2289018
0.283753
0.283753
0.2289018
0.2289018
0.2289018
0.283753
0.283753
0.2289018
0.2289018
0.2289018
0.2289018
0.283753
0.283753
0.2289018
0.2289018
0.283753
0.2289018
0.2289018
0.283753
0.02758561
0.2289018
0.3600256
0.3600256
0.4848057
0.3600256
0.2706877
0.4848057
0.4848057
0.3234348
0.4848057
0.4848057
0.2289018
0.5141822
0.2289018
0.5141822
0.5141822
0.4848057
0.4848057
0.4848057
0.4848057
0.4848057
0.4848057
0.4848057
0.2878398
0.2289018
0.2289018
0.2289018
0.2289018
0.06435311
0.3839252
0.2289018
0.2289018
0.2878398
0.1832814
0.2289018
0.3882736
0.3882736
0.3882736
0.3882736
0.3882736
0.2533468
0.2533468
0.2121956
0.1958379
0.2533468
0.1832814
0.2533468
0.2289018
0.2289018
0.2289018
0.3740516
0.2878398
0.2878398
0.2289018
0.283753
0.2289018
0.283753
0.2878398
0.2121956
0.3740516
0.3740516
0.3740516
0.283753
0.1630621
0.2533468
0.283753
0.2289018
0.3281571
0.3894817
0.3587171
0.2289018
0.3587171
0.2289018
0.2533468
0.5036337
0.2289018
0.283753
0.2289018
0.2878398
0.2878398
0.2878398
0.2289018
0.2878398
0.2289018
0.2289018
0.3587171
0.2289018
0.2289018
0.06314623
0.2878398
0.2289018
0.2878398
0.283753
0.2289018
0.2289018
0.2289018
0.06314623
0.283753
0.2878398
0.283753
0.2289018
0.2289018
0.2289018
0.283753
0.283753
0.283753
0.2289018
0.283753
0.2289018
0.3587171
0.283753
0.283753
0.283753
0.283753
0.283753
0.283753
0.283753
0.2289018
0.4508981
0.5646944
0.2706877
0.2289018
0.2289018
0.2337014
0.5110436
0.2289018
0.2289018
0.5110436
0.2337014
0.6730386
0.3334807
0.2337014
0.5665574
0.5141822
0.2337014
0.5141822
0.2337014
0.5110436
0.5141822
0.4359997
0.9358205
0.283753
0.8949271
0.3367411
0.2337014
0.5110436
0.5110436
0.5110436
0.2337014
0.2993138
0.5141822
0.2337014
0.5141822
0.5141822
0.2337014
0.2337014
0.2289018
0.2289018
0.5110436
0.2337014
0.5141822
0.2337014
0.2993138
0.5141822
0.2289018
0.5141822
0.2993138
0.283753
0.2364135
0.283753
0.5141822
0.4857441
0.2993138
0.2337014
0.283753
0.5141822
0.2289018
0.2289018
0.2337014
0.5141822
0.2337014
0.2337014
0.246287
0.3367411
0.2337014
0.5141822
0.2289018
0.4835493
0.2289018
0.2337014
0.2993138
0.3367411
0.2764283
0.4835493
0.2289018
0.2764283
0.2364135
0.2289018
0.5141822
0.2289018
0.5110436
0.2289018
0.3334807
0.2289018
0.2337014
0.5141822
0.2337014
0.5110436
0.2337014
0.5036337
0.4359997
0.5141822
0.2337014
0.2945343
0.2289018
0.4359997
0.2289018
0.5110436
0.2337014
0.5110436
0.06354999
0.2337014
0.2337014
0.8949271
0.2337014
0.2337014
0.4359997
0.2337014
0.5110436
0.2289018
0.2289018
0.2337014
0.2289018
0.2764283
0.5141822
0.2289018
0.2289018
0.5141822
0.5141822
0.5141822
0.5141822
0.2289018
0.5110436
0.2289018
0.3154142
0.2289018
0.2337014
0.5141822
0.2337014
0.5141822
0.2337014
0.5141822
0.06354999
0.2337014
0.2337014
0.2337014
0.2289018
0.2764283
0.5141822
0.8949271
0.5141822
0.2289018
0.2337014
0.6730386
0.2337014
0.8949271
0.283753
0.2337014
0.4096923
0.2289018
0.8949271
0.2289018
0.2289018
0.2337014
0.2337014
0.2337014
0.5141822
0.283753
0.2289018
0.2289018
0.6730386
0.2337014
0.04258326
0.4835493
0.5141822
0.2337014
0.2337014
0.2337014
0.2764283
0.5141822
0.8949271
0.2337014
0.2337014
0.366648
0.5141822
0.2289018
0.5110436
0.5141822
0.5141822
0.5141822
0.5141822
0.2289018
0.2878398
0.3069417
0.4098432
0.2878398
0.283753
0.2337014
0.283753
0.283753
0.283753
0.283753
0.2289018
0.428466
0.2289018
0.2337014
0.283753
0.2993138
0.283753
0.283753
0.283753
0.2289018
0.283753
0.283753
0.2337014
0.2289018
0.283753
0.2289018
0.2289018
0.2642759
0.2289018
0.2289018
0.2764283
0.418524
0.2764283
0.5110436
0.2764283
0.3128354
0.283753
0.283753
0.2764283
0.3587171
0.2391825
0.9949097
0.3728695
0.5036337
0.5141822
0.2878398
0.2878398
0.5036337
0.2878398
0.2706877
0.3924243
0.2289018
0.2289018
0.5036337
0.283753
0.2289018
0.2289018
0.3571133
0.5110436
0.5036337
0.3801504
0.2337014
0.2289018
0.2289018
0.2289018
0.3367411
0.3587171
0.5110436
0.4502835
0.5817243
0.3801504
0.2289018
0.3587171
0.2289018
0.3587171
0.3801504
0.5036337
0.3587171
0.3801504
0.2289018
0.2289018
0.5110436
0.283753
0.3367411
0.3587171
0.4370139
0.3801504
0.3587171
0.5817243
0.5036337
0.5817243
0.2289018
0.3468415
0.2289018
0.5817243
0.2289018
0.2706877
0.2706877
0.2706877
0.2289018
0.2289018
0.5036337
0.2878398
0.2878398
0.4848057
0.4848057
0.4848057
0.4848057
0.4848057
0.4848057
0.4848057
0.3367411
0.3658144
0.3658144
0.5141822
0.2642759
0.2289018
0.5110436
0.366648
0.3234348
0.3924243
0.2706877
0.2878398
0.4848057
0.2706877
0.2706877
0.4848057
0.4848057
0.5110436
0.3367411
0.2706877
0.3234348
0.2706877
0.2706877
0.2289018
0.5110436
0.2289018
0.283753
0.2289018
0.4096923
0.2337014
0.2289018
0.4096923
0.4096923
0.4096923
0.3587171
0.4848057
0.1832814
0.2706877
0.2706877
0.2706877
0.2706877
0.2706877
0.2706877
0.2706877
0.3801504
0.3367411
0.5036337
0.3571133
0.2878398
0.283753
0.3587171
0.1630621
0.5110436
0.3367411
0.3069417
0.2289018
0.2878398
0.2878398
0.2337014
0.283753
0.4186307
0.3587171
0.3769735
0.3602315
0.3571133
0.2289018
0.3571133
0.2878398
0.3587171
0.2878398
0.3587171
0.3587171
0.2878398
0.1832814
0.2203473
0.3323294
0.5817243
0.06435311
0.4834947
0.3587171
0.2878398
0.3587171
0.3069417
0.3587171
0.4563169
0.2878398
0.2878398
0.2878398
0.3587171
0.5036337
0.5110436
0.3587171
0.3587171
0.1832814
0.2993138
0.3587171
0.3587171
0.3587171
0.2878398
0.2878398
0.2289018
0.2706877
0.2706877
0.2706877
0.2706877
0.2706877
0.2706877
0.2289018
0.2706877
0.2706877
0.2878398
0.2706877
0.4848057
0.4848057
0.3600256
0.1832814
0.2706877
0.2289018
0.2289018
0.2289018
0.2706877
0.2706877
0.2706877
0.2706877
0.2706877
0.2706877
0.2706877
0.2706877
0.2706877
0.2706877
0.2706877
0.2706877
0.2706877
0.2706877
0.2706877
0.2706877
0.2878398
0.2878398
0.283753
0.1832814
0.2289018
0.2289018
0.2993138
0.283753
0.2878398
0.2706877
0.2706877
0.3587171
0.3587171
0.3587171
0.3587171
0.3587171
0.3587171
0.2706877
0.2706877
0.2706877
0.2706877
0.2706877
0.2706877
0.2289018
0.3587171
0.2289018
0.283753
0.2289018
0.2289018
0.2289018
0.283753
0.2289018
0.2878398
0.2878398
0.06435311
0.2878398
0.3769735
0.06435311
0.4848057
0.2863254
0.2289018
0.3234348
0.2706877
0.2706877
0.2706877
0.3600256
0.3281571
0.283753
0.283753
0.366648
0.4502835
0.283753
0.283753
0.283753
0.2289018
0.06314623
0.2863254
0.1755371
0.2878398
0.2289018
0.2289018
0.2706877
0.2706877
0.2706877
0.2706877
0.2706877
0.2706877
0.2706877
0.2706877
0.2706877
0.2706877
0.2706877
0.2706877
0.2706877
0.2706877
0.2706877
0.2706877
0.2706877
0.2706877
0.2878398
0.1832814
0.2863254
0.2878398
0.4848057
0.1832814
0.3600256
0.2878398
0.2878398
0.2878398
0.1832814
0.2878398
0.2878398
0.2878398
0.2878398
0.2878398
0.2289018
0.3587171
0.2289018
0.2289018
0.2289018
0.283753
0.2289018
0.2706877
0.2706877
0.2706877
0.2706877
0.1832814
0.2706877
0.1832814
0.2706877
0.2706877
0.2706877
0.4848057
0.4848057
0.4848057
0.4848057
0.5036337
0.5036337
0.4848057
0.4848057
0.4848057
0.4848057
0.2706877
0.2706877
0.2878398
0.5036337
0.1832814
0.2878398
0.2878398
0.2878398
0.2878398
0.2878398
0.2878398
0.2878398
0.3069417
0.5141822
0.2706877
0.2706877
0.2706877
0.2706877
0.2706877
0.2706877
0.2706877
0.2706877
0.2706877
0.2706877
0.283753
0.3860579
0.2706877
0.2706877
0.2706877
0.2706877
0.2706877
0.2706877
0.2706877
0.2706877
0.2289018
0.2289018
0.4848057
0.2878398
0.2304162
0.06077864
0.2289018
0.2878398
0.2706877
0.2706877
0.2706877
0.2706877
0.2706877
0.2706877
0.1832814
0.2706877
0.2706877
0.2706877
0.1832814
0.2706877
0.2706877
0.2289018
0.2289018
0.2289018
0.3102529
0.3587171
0.3587171
0.2304162
0.2304162
0.2304162
0.2304162
0.2304162
0.2304162
0.1832814
0.1832814
0.2304162
0.2878398
0.2304162
0.2878398
0.1832814
0.1832814
0.2706877
0.2304162
0.2304162
0.2304162
0.2304162
0.2304162
0.2304162
0.2304162
0.2304162
0.2304162
0.2304162
0.2706877
0.2878398
0.1832814
0.2706877
0.4848057
0.4848057
0.4848057
0.4848057
0.4848057
0.4848057
0.3600256
0.4848057
0.4848057
0.4848057
0.3600256
0.4848057
0.3576184
0.2706877
0.2878398
0.2706877
0.1832814
0.2878398
0.1832814
0.2706877
0.2706877
0.2289018
0.3769735
0.2642759
0.3658144
0.283753
0.5110436
0.283753
0.2764283
0.283753
0.283753
0.4369202
0.4064646
0.3314361
0.3769735
0.1832814
0.2878398
0.2878398
0.4848057
0.2878398
0.2930502
0.2878398
0.283753
0.283753
0.2706877
0.2706877
0.2706877
0.2706877
0.2706877
0.2706877
0.4848057
0.2706877
0.2706877
0.2706877
0.2706877
0.1832814
0.2706877
0.2706877
0.2706877
0.3769735
0.2878398
0.3247973
0.3587171
0.3860579
0.3587171
0.5571932
0.3587171
0.283753
0.2289018
0.283753
0.283753
0.283753
0.283753
0.283753
0.2706877
0.2706877
0.2706877
0.2706877
0.2706877
0.2706877
0.2706877
0.2706877
0.2706877
0.2706877
0.2706877
0.2706877
0.2706877
0.3587171
0.3587171
0.3587171
0.5036337
0.3587171
0.4675053
0.2863254
0.2289018
0.2706877
0.2878398
0.2337014
0.2878398
0.2706877
0.1832814
0.2706877
0.4508981
0.2878398
0.3924243
0.3498741
0.2878398
0.2706877
0.5987866
0.2706877
0.2121956
0.3576184
0.6157345
0.4158376
0.5036337
0.2706877
0.5036265
0.4848057
0.1832814
0.4513059
0.2706877
0.2706877
0.5646944
0.1832814
0.2706877
0.2706877
0.2706877
0.4158376
0.5202096
0.1832814
0.2706877
0.1832814
0.2706877
0.4848057
0.2706877
0.3576184
0.4787817
0.3882736
0.4848057
0.4848057
0.4848057
0.4848057
0.4848057
0.4848057
0.3924243
0.4848057
0.3924243
0.3924243
0.4848057
0.3924243
0.4848057
0.4848057
0.2337014
0.2878398
0.2706877
0.3769735
0.2706877
0.2706877
0.3587171
0.2289018
0.174959
0.1832814
0.3924243
0.4329897
0.06314623
0.2878398
0.2576419
0.3587171
0.06354999
0.2289018
0.2878398
0.06314623
0.2878398
0.2878398
0.283753
0.283753
0.283753
0.2337014
0.4102544
0.2289018
0.2289018
0.2878398
0.283753
0.283753
0.2289018
0.2289018
0.06354999
0.283753
0.2337014
0.283753
0.2993138
0.2289018
0.283753
0.2337014
0.283753
0.283753
0.283753
0.283753
0.283753
0.283753
0.5110436
0.3069417
0.2289018
0.2878398
0.2863254
0.1630621
0.2337014
0.2289018
0.2878398
0.283753
0.283753
0.283753
0.283753
0.283753
0.283753
0.283753
0.1630621
0.2878398
0.2878398
0.283753
0.283753
0.1832814
0.06354999
0.2878398
0.350517
0.0450877
0.2863254
0.3600256
0.3600256
0.3600256
0.4848057
0.3600256
0.2706877
0.3600256
0.3600256
0.2706877
0.3234348
0.3600256
0.3600256
0.3600256
0.3600256
0.3234348
0.4848057
0.3600256
0.4848057
0.2706877
0.3600256
0.3600256
0.3600256
0.2706877
0.2706877
0.4848057
0.3234348
0.3600256
0.2706877
0.3600256
0.3600256
0.5036337
0.4121308
0.5036337
0.283753
0.283753
0.2289018
0.283753
0.2289018
0.3587171
0.2993138
0.5110436
0.2289018
0.2289018
0.5110436
0.5110436
0.2289018
0.2706877
0.06435311
0.1630621
0.04258326
0.5141822
0.3924243
0.5036337
0.3924243
0.5567034
0.1832814
0.2706877
0.2878398
0.2706877
0.3600256
0.283753
0.283753
0.2706877
0.5036337
0.2878398
0.2878398
0.2878398
0.3571133
0.2878398
0.2878398
0.2706877
0.2878398
0.1832814
0.2878398
0.6157345
0.5036337
0.2706877
0.2878398
0.2878398
0.2878398
0.3769735
0.2706877
0.3600256
0.5036337
0.3769735
0.5646944
0.4329897
0.3769735
0.06314623
0.2289018
0.3587171
0.418524
0.2289018
0.2706877
0.2706877
0.2878398
0.1832814
0.2186163
0.1832814
0.1832814
0.2706877
0.283753
0.2706877
0.2706877
0.1832814
0.4848057
0.1832814
0.2706877
0.2878398
0.2878398
0.2878398
0.1832814
0.2878398
0.5110436
0.2289018
0.4848057
0.2878398
0.2289018
0.5110436
0.2764283
0.283753
0.2706877
0.2706877
0.2706877
0.2706877
0.2878398
0.2706877
0.2706877
0.2706877
0.2706877
0.2706877
0.2878398
0.1832814
0.2878398
0.3234348
0.3234348
0.283753
0.283753
0.283753
0.283753
0.3314361
0.2642759
0.2289018
0.3587171
0.283753
0.3587171
0.2642759
0.3587171
0.3314361
0.2642759
0.3587171
0.3128354
0.3587171
0.2642759
0.3587171
0.3587171
0.2642759
0.4848057
0.2642759
0.2289018
0.2642759
0.2289018
0.2878398
0.2642759
0.3587171
0.2289018
0.3587171
0.3587171
0.2642759
0.3587171
0.2584683
0.2289018
0.2289018
0.5036337
0.3587171
0.3587171
0.2642759
0.3587171
0.2642759
0.2642759
0.1606342
0.3587171
0.3587171
0.4329897
0.3576184
0.3576184
0.3576184
0.3576184
0.3576184
0.5665574
0.3400179
0.2878398
0.6157345
0.4200099
0.3281571
0.6157345
0.1832814
0.2878398
0.3924243
0.3924243
0.3281571
0.3924243
0.4329897
0.2337014
0.2337014
0.366648
0.3587171
0.2706877
0.5817243
0.3587171
0.5036337
0.3587171
0.2706877
0.2289018
0.2706877
0.2706877
0.2706877
0.2706877
0.4297533
0.3587171
0.366648
0.4502835
0.3587171
0.3587171
0.3587171
0.2289018
0.4848057
0.4848057
0.283753
0.3769735
0.3769735
0.3769735
0.2289018
0.2337014
0.2289018
0.2289018
0.2364135
0.283753
0.283753
0.5141822
0.04258326
0.2289018
0.2289018
0.5110436
0.2337014
0.283753
0.2079354
0.2364135
0.2337014
0.06354999
0.06354999
0.3314361
0.2289018
0.06354999
0.2337014
0.5110436
0.5141822
0.2289018
0.2289018
0.2878398
0.5141822
0.283753
0.2289018
0.5141822
0.5141822
0.5110436
0.2364135
0.5141822
0.2337014
0.2289018
0.2364135
0.2289018
0.2337014
0.2289018
0.3334807
0.2337014
0.2289018
0.5141822
0.2289018
0.2289018
0.2364135
0.2289018
0.283753
0.3587171
0.3801504
0.283753
0.2706877
0.2289018
0.2364135
0.283753
0.2289018
0.2289018
0.2289018
0.283753
0.2289018
0.2706877
0.2289018
0.2289018
0.283753
0.2289018
0.5110436
0.5110436
0.418524
0.283753
0.1755371
0.283753
0.4168054
0.2337014
0.08452408
0.3587171
0.283753
0.2764283
0.3587171
0.3344962
0.4502835
0.2764283
0.418524
0.4018715
0.3587171
0.3587171
0.5110436
0.3587171
0.3587171
0.2706877
0.4502835
0.2289018
0.2289018
0.2289018
0.2289018
0.3587171
0.3587171
0.2289018
0.06354999
0.3587171
0.2706877
0.2706877
0.2706877
0.2706877
0.1832814
0.2706877
0.1832814
0.1832814
0.2706877
0.2706877
0.1832814
0.2706877
0.2706877
0.2706877
0.2706877
0.2706877
0.1832814
0.2706877
0.2706877
0.06435311
0.3658144
0.2706877
0.3924243
0.2878398
0.06435311
0.2289018
0.06435311
0.2706877
0.06077864
0.2878398
0.3769735
0.5036337
0.3839252
0.2878398
0.4848057
0.2878398
0.2764283
0.4170059
0.4848057
0.4848057
0.366648
0.2642759
0.5297018
0.2764283
0.3571133
0.3069417
0.1755371
0.2533468
0.2289018
0.3587171
0.366648
0.5110436
0.2289018
0.3587171
0.2289018
0.2533468
0.2289018
0.3265016
0.3587171
0.283753
0.4314753
0.283753
0.2289018
0.3587171
0.2289018
0.3587171
0.3801504
0.5036337
0.1755371
0.283753
0.283753
0.3314361
0.4096923
0.4786305
0.2289018
0.2289018
0.2764283
0.2337014
0.4835493
0.2289018
0.2289018
0.2289018
0.283753
0.2289018
0.2289018
0.2289018
0.2706877
0.2295899
0.2533468
0.3247973
0.4670176
0.2706877
0.366648
0.3587171
0.2289018
0.4508981
0.3387028
0.1832814
0.1832814
0.1832814
0.1832814
0.4848057
0.1832814
0.1832814
0.5110436
0.4848057
0.2706877
0.2878398
0.4848057
0.2878398
0.2878398
0.283753
0.1755371
0.3587171
0.2706877
0.2706877
0.2706877
0.2706877
0.2706877
0.2706877
0.4848057
0.2878398
0.2878398
0.5036337
0.5036337
0.2878398
0.2878398
0.5036337
0.2878398
0.2878398
0.2878398
0.2289018
0.5036337
0.2878398
0.5036337
0.2878398
0.2878398
0.2878398
0.2878398
0.5036337
0.2878398
0.3600256
0.4848057
0.4848057
0.4848057
0.4848057
0.4848057
0.4848057
0.2289018
0.2289018
0.2289018
0.2289018
0.2289018
0.2289018
0.2289018
0.2289018
0.2289018
0.283753
0.2289018
0.2289018
0.2289018
0.2337014
0.4096923
0.2289018
0.2289018
0.2289018
0.2289018
0.2289018
0.2289018
0.2289018
0.2289018
0.2289018
0.4096923
0.283753
0.2289018
0.3587171
0.2706877
0.2706877
0.2878398
0.3281571
0.2878398
0.3281571
0.2706877
0.4848057
0.3600256
0.2706877
0.4848057
0.2706877
0.4848057
0.4848057
0.3600256
0.3600256
0.3281571
0.2289018
0.3587171
0.3587171
0.2289018
0.283753
0.2289018
0.2289018
0.2289018
0.283753
0.3587171
0.2289018
0.5987866
0.3587171
0.283753
0.3587171
0.2289018
0.2289018
0.2289018
0.3587171
0.2289018
0.3587171
0.3587171
0.2289018
0.3587171
0.283753
0.2289018
0.2289018
0.3587171
0.2289018
0.3587171
0.3587171
0.283753
0.2289018
0.3587171
0.283753
0.3587171
0.3587171
0.2337014
0.3924187
0.2337014
0.3924187
0.3587171
0.2878398
0.2706877
0.3600256
0.4848057
0.2706877
0.2706877
0.2706877
0.3234348
0.3367411
0.3367411
0.283753
0.283753
0.4848057
0.2289018
0.2878398
0.3367411
0.4848057
0.3367411
0.4848057
0.4848057
0.4848057
0.2878398
0.4848057
0.6157345
0.4848057
0.5036337
0.5036337
0.3069417
0.2945343
0.283753
0.3587171
0.283753
0.283753
0.2289018
0.2289018
0.2289018
0.2289018
0.2289018
0.283753
0.3367411
0.2289018
0.2289018
0.3587171
0.3587171
0.3801504
0.3587171
0.5817243
0.3367411
0.3801504
0.2289018
0.3367411
0.2289018
0.2289018
0.3367411
0.2289018
0.2289018
0.2289018
0.3281571
0.1832814
0.3234348
0.3234348
0.2706877
0.2706877
0.2706877
0.3924243
0.2289018
0.2706877
0.2337014
0.2337014
0.2945343
0.3334807
0.4064646
0.4675053
0.3587171
0.36513
0.283753
0.283753
0.2878398
0.5110436
0.3587171
0.283753
0.3587171
0.283753
0.3801504
0.283753
0.366648
0.3587171
0.2706877
0.2706877
0.1832814
0.2706877
0.2289018
0.2289018
0.2337014
0.2289018
0.418524
0.3769735
0.5036337
0.3769735
0.2706877
0.2706877
0.3600256
0.2706877
0.1832814
0.2878398
0.2706877
0.3281571
0.2706877
0.1832814
0.2706877
0.2878398
0.06314623
0.2878398
0.2878398
0.3587171
0.06314623
0.3069417
0.06314623
0.2706877
0.3102529
0.2706877
0.2706877
0.2706877
0.2706877
0.2706877
0.2706877
0.2121956
0.2706877
0.2878398
0.2878398
0.2289018
0.2289018
0.2289018
0.283753
0.283753
0.1832814
0.3587171
0.3587171
0.2289018
0.3587171
0.2289018
0.2289018
0.2289018
0.2289018
0.2289018
0.2289018
0.283753
0.2289018
0.2289018
0.283753
0.2993138
0.2993138
0.2993138
0.2337014
0.2993138
0.2993138
0.3587171
0.3587171
0.3587171
0.3587171
0.2289018
0.3587171
0.283753
0.283753
0.283753
0.2289018
0.3587171
0.2289018
0.3587171
0.3587171
0.2289018
0.3587171
0.283753
0.3587171
0.3587171
0.2289018
0.3587171
0.283753
0.3587171
0.2289018
0.3587171
0.3587171
0.2289018
0.3587171
0.2289018
0.2289018
0.3587171
0.283753
0.2289018
0.3587171
0.2289018
0.3587171
0.3587171
0.3587171
0.283753
0.2289018
0.3587171
0.3587171
0.3587171
0.2289018
0.283753
0.2706877
0.2945343
0.2337014
0.3879572
0.3879572
0.2945343
0.3879572
0.1832814
0.3769735
0.3600256
0.3600256
0.2706877
0.3587171
0.2706877
0.3234348
0.2706877
0.2706877
0.2267452
0.2878398
0.1832814
0.3600256
0.2706877
0.2878398
0.2706877
0.1832814
0.2706877
0.2706877
0.2706877
0.3234348
0.2706877
0.2706877
0.2706877
0.1832814
0.1832814
0.4848057
0.3600256
0.2878398
0.2706877
0.2706877
0.5646944
0.4848057
0.2706877
0.1832814
0.2706877
0.4848057
0.1832814
0.1832814
0.2289018
0.3576184
0.2289018
0.2289018
0.2289018
0.5141822
0.4848057
0.4848057
0.4848057
0.3600256
0.4848057
0.4848057
0.4848057
0.3924243
0.283753
0.2945343
0.2945343
0.3740516
0.3367411
0.3728695
0.283753
0.1832814
0.2289018
0.2878398
0.2706877
0.2706877
0.3234348
0.4848057
0.2706877
0.3234348
0.3234348
0.2706877
0.2706877
0.2706877
0.2289018
0.3660291
0.366648
0.283753
0.2642759
0.3587171
0.2706877
0.2706877
0.4848057
0.4848057
0.3924243
0.3455132
0.2878398
0.3400179
0.3069417
0.3924243
0.2878398
0.4848057
0.4329897
0.2878398
0.5141822
0.2878398
0.3281571
0.1832814
0.2878398
0.5110436
0.5036337
0.3587171
0.3801504
0.2289018
0.3587171
0.2289018
0.2289018
0.2289018
0.2289018
0.3587171
0.2289018
0.2289018
0.2289018
0.3367411
0.2289018
0.3367411
0.2945343
0.2945343
0.3253574
0.2945343
0.04258326
0.2945343
0.2945343
0.2337014
0.4064646
0.2945343
0.2945343
0.2945343
0.2945343
0.2945343
0.2945343
0.4064646
0.2945343
0.2945343
0.2945343
0.2945343
0.2337014
0.2945343
0.2945343
0.2945343
0.2945343
0.2945343
0.2945343
0.3253574
0.2945343
0.2945343
0.2945343
0.2945343
0.2945343
0.3334807
0.2945343
0.2945343
0.2945343
0.2945343
0.2945343
0.3879572
0.2945343
0.2945343
0.2945343
0.2945343
0.2337014
0.2945343
0.428466
0.2945343
0.2337014
0.2945343
0.3253574
0.2945343
0.2945343
0.04258326
0.06354999
0.2945343
0.2945343
0.2945343
0.3879572
0.2337014
0.2945343
0.2945343
0.2945343
0.3879572
0.2945343
0.2945343
0.2945343
0.2945343
0.2337014
0.4064646
0.2945343
0.2945343
0.2945343
0.2945343
0.2945343
0.2945343
0.4359997
0.2945343
0.2945343
0.2945343
0.06354999
0.2945343
0.2945343
0.2945343
0.2337014
0.2945343
0.2945343
0.2945343
0.2945343
0.2945343
0.2945343
0.2945343
0.2945343
0.2945343
0.2945343
0.2945343
0.2945343
0.2945343
0.4064646
0.04258326
0.2945343
0.2945343
0.2945343
0.2945343
0.2945343
0.2945343
0.2945343
0.2945343
0.2945343
0.2945343
0.2945343
0.2945343
0.2945343
0.2945343
0.2945343
0.06354999
0.2337014
0.2945343
0.2993138
0.2945343
0.2945343
0.2945343
0.2945343
0.2945343
0.3587171
0.283753
0.283753
0.283753
0.3587171
0.3587171
0.283753
0.3587171
0.2289018
0.2289018
0.283753
0.283753
0.283753
0.283753
0.2289018
0.2289018
0.5141822
0.283753
0.2289018
0.3587171
0.2289018
0.283753
0.283753
0.283753
0.2706877
0.4848057
0.4848057
0.4848057
0.2706877
0.2706877
0.4848057
0.4848057
0.4848057
0.2706877
0.2706877
0.2706877
0.1832814
0.3587171
0.283753
0.3367411
0.2289018
0.350517
0.3367411
0.2576419
0.2764283
0.3587171
0.3587171
0.2442447
0.5110436
0.2289018
0.4675053
0.5110436
0.3587171
0.5110436
0.5110436
0.5036337
0.5036337
0.3587171
0.3128354
0.3587171
0.3587171
0.2304162
0.3587171
0.5036337
0.3587171
0.2337014
0.3587171
0.3587171
0.5110436
0.5110436
0.2289018
0.2706877
0.2706877
0.283753
0.3587171
0.3587171
0.3587171
0.3587171
0.3587171
0.3587171
0.3587171
0.3587171
0.5141822
0.3587171
0.3587171
0.2289018
0.2706877
0.2706877
0.2706877
0.2706877
0.2706877
0.2706877
0.1832814
0.4848057
0.4848057
0.4848057
0.4848057
0.1832814
0.2706877
0.4848057
0.4848057
0.4848057
0.2706877
0.2706877
0.4848057
0.2706877
0.2895025
0.4848057
0.2895025
0.4848057
0.2706877
0.4848057
0.2706877
0.2706877
0.2706877
0.2289018
0.4848057
0.4848057
0.4848057
0.5036337
0.4848057
0.4848057
0.4848057
0.4848057
0.4848057
0.4848057
0.4848057
0.3924243
0.4848057
0.4848057
0.2706877
0.3924243
0.4848057
0.1832814
0.4848057
0.1832814
0.4848057
0.4848057
0.4848057
0.3600256
0.4848057
0.2706877
0.2706877
0.2706877
0.2706877
0.4848057
0.3600256
0.2706877
0.3600256
0.2878398
0.06314623
0.1832814
0.2878398
0.06314623
0.2878398
0.1832814
0.4329897
0.5646944
0.4329897
0.5665574
0.3924243
0.2289018
0.2289018
0.2289018
0.5110436
0.3367411
0.3367411
0.2878398
0.4848057
0.3924243
0.5036337
0.5665574
0.2527388
0.4848057
0.4848057
0.3281571
0.4848057
0.5036337
0.2706877
0.4329897
0.3498741
0.3281571
0.2878398
0.2706877
0.2706877
0.2706877
0.2706877
0.2878398
0.3576184
0.3234348
0.3600256
0.4848057
0.2878398
0.6157345
0.3069417
0.6157345
0.2878398
0.2706877
0.2706877
0.2706877
0.4508981
0.4508981
0.2706877
0.2706877
0.2289018
0.2289018
0.2289018
0.2878398
0.2576419
0.2878398
0.2533468
0.283753
0.283753
0.3587171
0.2289018
0.283753
0.283753
0.283753
0.283753
0.2289018
0.283753
0.283753
0.2289018
0.283753
0.283753
0.283753
0.283753
0.2289018
0.2289018
0.283753
0.283753
0.283753
0.283753
0.283753
0.2289018
0.283753
0.283753
0.2289018
0.283753
0.2289018
0.283753
0.2289018
0.283753
0.2289018
0.2289018
0.283753
0.283753
0.2289018
0.283753
0.283753
0.283753
0.283753
0.283753
0.283753
0.283753
0.283753
0.283753
0.283753
0.283753
0.283753
0.283753
0.283753
0.283753
0.2289018
0.283753
0.283753
0.283753
0.283753
0.283753
0.283753
0.283753
0.2289018
0.283753
0.283753
0.2289018
0.2289018
0.2289018
0.2289018
0.2289018
0.2289018
0.2289018
0.2289018
0.2289018
0.2289018
0.283753
0.2289018
0.2289018
0.2289018
0.2289018
0.283753
0.2289018
0.2289018
0.283753
0.2289018
0.2289018
0.2289018
0.283753
0.283753
0.2289018
0.2289018
0.283753
0.2289018
0.2289018
0.2289018
0.2289018
0.2289018
0.2289018
0.2289018
0.283753
0.283753
0.2289018
0.2289018
0.2289018
0.2289018
0.3367411
0.3576184
0.3882736
0.3882736
0.3882736
0.3882736
0.3882736
0.3882736
0.3576184
0.3882736
0.3882736
0.3882736
0.3576184
0.3882736
0.2878398
0.3576184
0.3576184
0.2878398
0.3882736
0.3882736
0.3576184
0.3882736
0.3882736
0.3882736
0.3882736
0.3882736
0.05347753
0.3882736
0.3576184
0.3882736
0.3882736
0.3882736
0.3882736
0.3882736
0.3576184
0.2878398
0.3882736
0.5987866
0.3576184
0.3882736
0.3576184
0.3576184
0.3576184
0.3576184
0.3576184
0.3882736
0.3882736
0.3882736
0.3882736
0.3882736
0.3576184
0.3882736
0.3882736
0.3576184
0.3576184
0.3882736
0.3882736
0.3882736
0.3882736
0.3576184
0.4158376
0.3882736
0.3576184
0.3882736
0.3882736
0.3576184
0.3576184
0.3882736
0.3576184
0.3882736
0.4158376
0.3882736
0.3882736
0.3882736
0.3882736
0.3882736
0.3576184
0.3882736
0.3882736
0.3882736
0.4158376
0.3882736
0.3576184
0.3576184
0.3882736
0.3882736
0.3882736
0.3882736
0.3882736
0.3882736
0.3882736
0.3281571
0.3576184
0.3882736
0.3576184
0.3882736
0.3882736
0.3882736
0.3882736
0.3576184
0.3882736
0.3882736
0.3882736
0.3882736
0.3882736
0.3882736
0.3882736
0.3882736
0.3576184
0.3882736
0.3882736
0.3882736
0.3882736
0.3882736
0.3576184
0.3882736
0.2706877
0.3882736
0.3882736
0.3576184
0.3882736
0.3882736
0.3882736
0.3882736
0.3882736
0.3576184
0.3882736
0.3576184
0.3882736
0.3882736
0.3882736
0.3882736
0.3882736
0.3882736
0.3882736
0.3576184
0.3882736
0.3576184
0.3882736
0.3882736
0.3882736
0.3882736
0.3882736
0.3882736
0.3882736
0.3882736
0.3882736
0.3882736
0.3882736
0.3882736
0.3576184
0.2878398
0.3882736
0.3882736
0.4158376
0.3882736
0.3576184
0.4158376
0.3576184
0.3576184
0.3576184
0.3882736
0.3882736
0.3576184
0.3576184
0.3882736
0.3576184
0.4158376
0.3882736
0.3882736
0.3882736
0.4158376
0.3576184
0.3882736
0.3576184
0.3882736
0.1832814
0.3882736
0.3102529
0.3882736
0.3576184
0.3882736
0.3882736
0.3882736
0.4158376
0.3576184
0.3882736
0.3882736
0.3576184
0.3882736
0.3882736
0.3882736
0.3576184
0.3576184
0.3882736
0.4158376
0.3882736
0.2878398
0.3882736
0.3882736
0.3882736
0.3882736
0.3882736
0.4158376
0.3882736
0.3882736
0.3882736
0.3882736
0.3576184
0.3576184
0.3882736
0.3576184
0.06314623
0.3882736
0.3882736
0.4158376
0.3882736
0.3882736
0.3882736
0.3882736
0.3882736
0.3576184
0.3882736
0.3576184
0.3576184
0.3882736
0.3882736
0.3882736
0.4158376
0.3882736
0.3576184
0.3882736
0.3882736
0.3882736
0.3882736
0.3882736
0.3882736
0.3882736
0.3882736
0.3882736
0.3882736
0.3882736
0.3576184
0.375566
0.3882736
0.3576184
0.3576184
0.2706877
0.3882736
0.3882736
0.3576184
0.3882736
0.3882736
0.3882736
0.3882736
0.3576184
0.3576184
0.3882736
0.3882736
0.3576184
0.3882736
0.4297533
0.3882736
0.3576184
0.3882736
0.3882736
0.3882736
0.3882736
0.3882736
0.3576184
0.3882736
0.3576184
0.3801504
0.3587171
0.3587171
0.3587171
0.3587171
0.3587171
0.3587171
0.283753
0.3587171
0.3587171
0.283753
0.283753
0.283753
0.283753
0.283753
0.283753
0.283753
0.2289018
0.428466
0.2289018
0.283753
0.283753
0.283753
0.283753
0.283753
0.283753
0.283753
0.4170059
0.4096923
0.283753
0.2289018
0.283753
0.283753
0.2289018
0.283753
0.2289018
0.283753
0.2289018
0.283753
0.2289018
0.2443692
0.283753
0.283753
0.2289018
0.2289018
0.283753
0.283753
0.283753
0.2289018
0.283753
0.2863254
0.283753
0.283753
0.3314361
0.283753
0.2289018
0.2289018
0.2289018
0.283753
0.2289018
0.3587171
0.3587171
0.2706877
0.2289018
0.2878398
0.2289018
0.3587171
0.3587171
0.2993138
0.3587171
0.3587171
0.3587171
0.3769735
0.2878398
0.2878398
0.283753
0.2289018
0.338723
0.3234348
0.3882736
0.9358205
0.4508981
0.4508981
0.4848057
0.5202096
0.1832814
0.2878398
0.2878398
0.4848057
0.4848057
0.2878398
0.2706877
0.2706877
0.1832814
0.2878398
0.2878398
0.4848057
0.4848057
0.2706877
0.2706877
0.2706877
0.1832814
0.1832814
0.366648
0.1832814
0.2878398
0.2706877
0.1832814
0.2706877
0.1832814
0.2878398
0.1832814
0.1832814
0.1832814
0.2706877
0.1832814
0.2878398
0.1832814
0.2878398
0.1832814
0.1832814
0.1832814
0.1832814
0.1832814
0.1832814
0.3723328
0.4297533
0.2878398
0.1832814
0.3400179
0.1832814
0.1832814
0.1832814
0.1832814
0.2878398
0.2706877
0.1832814
0.1832814
0.1832814
0.1832814
0.2706877
0.1832814
0.1832814
0.2878398
0.1832814
0.1832814
0.1832814
0.1832814
0.1832814
0.1832814
0.1832814
0.2878398
0.2706877
0.1832814
0.1832814
0.1832814
0.2706877
0.1832814
0.1832814
0.1832814
0.2878398
0.3587171
0.283753
0.2289018
0.1630621
0.2289018
0.2289018
0.1909243
0.1832814
0.2878398
0.2878398
0.2878398
0.1832814
0.2878398
0.1832814
0.1832814
0.2706877
0.2706877
0.2878398
0.3587171
0.3587171
0.06354999
0.2878398
0.3587171
0.06354999
0.283753
0.3587171
0.2289018
0.283753
0.283753
0.283753
0.3587171
0.06354999
0.283753
0.2289018
0.06354999
0.283753
0.2289018
0.283753
0.06354999
0.283753
0.3323294
0.283753
0.3587171
0.3587171
0.283753
0.2706877
0.2706877
0.2706877
0.2706877
0.2706877
0.2706877
0.2706877
0.04258326
0.2878398
0.2706877
0.2706877
0.2993138
0.2289018
0.2289018
0.2289018
0.283753
0.283753
0.2289018
0.283753
0.2289018
0.1832814
0.2289018
0.2289018
0.2289018
0.2706877
0.3234348
0.2706877
0.2706877
0.3600256
0.3234348
0.3234348
0.3234348
0.2706877
0.2706877
0.3234348
0.2706877
0.3600256
0.3234348
0.4848057
0.3234348
0.3234348
0.4848057
0.3234348
0.3234348
0.2706877
0.2706877
0.3234348
0.4848057
0.3234348
0.2706877
0.4848057
0.3234348
0.3234348
0.2289018
0.3230356
0.2930502
0.2533468
0.283753
0.283753
0.4502835
0.2289018
0.3587171
0.2289018
0.2878398
0.2878398
0.1832814
0.2289018
0.3247973
0.1787349
0.2584683
0.350517
0.3247973
0.3247973
0.4848057
0.4848057
0.4848057
0.4848057
0.4848057
0.5036337
0.2706877
0.2706877
0.2706877
0.1832814
0.2289018
0.2878398
0.1832814
0.2706877
0.1832814
0.2706877
0.1832814
0.1832814
0.2706877
0.2706877
0.2706877
0.1832814
0.2706877
0.1832814
0.1832814
0.1832814
0.2706877
0.1832814
0.2706877
0.1832814
0.2706877
0.1832814
0.1832814
0.2706877
0.1832814
0.1832814
0.1832814
0.2706877
0.1832814
0.2706877
0.1832814
0.2706877
0.2706877
0.2706877
0.2706877
0.2706877
0.2706877
0.1832814
0.1832814
0.1832814
0.1832814
0.2706877
0.1832814
0.2706877
0.2706877
0.2706877
0.2706877
0.2706877
0.1832814
0.2706877
0.1832814
0.1832814
0.2706877
0.2706877
0.1832814
0.2706877
0.1832814
0.3102529
0.2706877
0.1832814
0.1832814
0.2706877
0.1832814
0.2706877
0.1832814
0.2706877
0.1832814
0.2706877
0.1832814
0.2706877
0.2878398
0.2706877
0.1832814
0.1832814
0.1832814
0.2706877
0.1832814
0.2706877
0.1832814
0.2706877
0.1832814
0.2706877
0.2706877
0.1832814
0.1832814
0.1832814
0.2706877
0.2706877
0.2706877
0.1832814
0.2706877
0.1832814
0.1832814
0.1832814
0.1832814
0.2706877
0.1832814
0.1832814
0.2706877
0.2706877
0.2706877
0.1832814
0.2706877
0.2706877
0.1832814
0.2706877
0.4848057
0.1832814
0.2706877
0.2706877
0.2706877
0.1832814
0.2706877
0.2706877
0.2706877
0.2706877
0.2706877
0.2706877
0.2878398
0.1832814
0.2706877
0.2706877
0.2706877
0.2706877
0.2706877
0.2706877
0.2706877
0.2706877
0.1832814
0.1832814
0.1832814
0.2706877
0.2706877
0.1832814
0.2706877
0.1832814
0.1832814
0.1832814
0.2706877
0.06354999
0.2706877
0.1832814
0.2706877
0.2706877
0.1832814
0.2706877
0.1832814
0.2706877
0.06314623
0.1832814
0.2706877
0.1832814
0.2289018
0.2706877
0.1832814
0.2706877
0.2706877
0.1832814
0.2706877
0.2706877
0.2706877
0.2706877
0.2533468
0.5233945
0.2533468
0.6573355
0.4102544
0.3740516
0.2533468
0.2289018
0.3740516
0.2878398
0.2878398
0.2878398
0.3879572
0.3069417
0.3334807
0.2289018
0.3587171
0.3587171
0.3587171
0.4848057
0.4848057
0.3600256
0.2706877
0.1832814
0.4848057
0.4848057
0.4848057
0.4848057
0.4848057
0.4848057
0.2706877
0.2878398
0.4848057
0.1832814
0.4848057
0.2706877
0.4848057
0.1832814
0.2527388
0.2706877
0.4848057
0.2706877
0.1832814
0.2706877
0.2706877
0.1832814
0.2706877
0.2706877
0.3587171
0.2289018
0.3587171
0.3587171
0.3587171
0.3587171
0.3587171
0.3587171
0.4508981
0.3658144
0.283753
0.283753
0.283753
0.283753
0.3658144
0.2289018
0.283753
0.283753
0.2289018
0.283753
0.3587171
0.3587171
0.3587171
0.283753
0.06354999
0.2289018
0.283753
0.3658144
0.283753
0.283753
0.283753
0.2289018
0.2289018
0.2289018
0.283753
0.283753
0.3658144
0.283753
0.3658144
0.3658144
0.2289018
0.283753
0.283753
0.2289018
0.2289018
0.3658144
0.2289018
0.3658144
0.283753
0.2289018
0.2289018
0.283753
0.283753
0.283753
0.2289018
0.283753
0.2289018
0.283753
0.283753
0.3658144
0.2289018
0.2945343
0.3253574
0.2878398
0.2706877
0.3600256
0.2706877
0.3600256
0.3234348
0.4329897
0.3367411
0.2706877
0.5036337
0.5036337
0.2337014
0.3334807
0.2337014
0.3334807
0.2337014
0.3334807
0.2993138
0.2337014
0.2993138
0.2337014
0.2337014
0.3924243
0.283753
0.2364135
0.283753
0.2364135
0.4848057
0.2706877
0.3740516
0.2706877
0.4848057
0.3234348
0.3600256
0.3600256
0.3234348
0.3234348
0.3234348
0.4848057
0.2706877
0.2706877
0.3600256
0.3234348
0.3234348
0.2706877
0.2706877
0.4848057
0.4848057
0.3600256
0.3234348
0.4848057
0.4329897
0.3740516
0.3740516
0.3959047
0.4444676
0.4310894
0.4444676
0.4513059
0.4444676
0.5151893
0.3498741
0.4329897
0.4444676
0.3740516
0.4444676
0.2706877
0.2289018
0.2289018
0.2289018
0.2289018
0.3587171
0.3587171
0.5665574
0.2706877
0.2706877
0.2706877
0.2878398
0.3576184
0.2706877
0.2706877
0.2289018
0.283753
0.283753
0.3587171
0.283753
0.2289018
0.2289018
0.2878398
0.2706877
0.2706877
0.2706877
0.1909243
0.1832814
0.4848057
0.4848057
0.4848057
0.4848057
0.2706877
0.2878398
0.2878398
0.4508981
0.5646944
0.4834947
0.3281571
0.3600256
0.3102529
0.3281571
0.3571133
0.5987866
0.4848057
0.2878398
0.3281571
0.3571133
0.3400179
0.3571133
0.1755371
0.2443692
0.3587171
0.3587171
0.1755371
0.2289018
0.2878398
0.2878398
0.2706877
0.3234348
0.3069417
0.5110436
0.2706877
0.2706877
0.2289018
0.2289018
0.2289018
0.2289018
0.2289018
0.2289018
0.2993138
0.2289018
0.2289018
0.3587171
0.366648
0.2764283
0.2289018
0.2289018
0.3367411
0.283753
0.2289018
0.2289018
0.5110436
0.3587171
0.2289018
0.2289018
0.3587171
0.2289018
0.283753
0.283753
0.3367411
0.2289018
0.2289018
0.3587171
0.283753
0.283753
0.3587171
0.3587171
0.3660291
0.5110436
0.2289018
0.2289018
0.5110436
0.2289018
0.3587171
0.2289018
0.2289018
0.5817243
0.5141822
0.5141822
0.2289018
0.283753
0.5141822
0.2289018
0.3576184
0.375566
0.3740516
0.503867
0.375566
0.3069417
0.2878398
0.1940706
0.3658144
0.3587171
0.4370139
0.3367411
0.5110436
0.5817243
0.3658144
0.283753
0.3658144
0.3587171
0.3587171
0.3234348
0.2289018
0.283753
0.2289018
0.2289018
0.2289018
0.2289018
0.283753
0.2289018
0.2289018
0.2289018
0.283753
0.2289018
0.2289018
0.283753
0.283753
0.2289018
0.283753
0.2289018
0.2289018
0.2289018
0.2289018
0.283753
0.2289018
0.283753
0.283753
0.2289018
0.2289018
0.2289018
0.283753
0.283753
0.283753
0.2289018
0.2289018
0.283753
0.2289018
0.283753
0.2289018
0.2289018
0.2289018
0.2289018
0.283753
0.283753
0.283753
0.2289018
0.283753
0.283753
0.283753
0.2289018
0.283753
0.2289018
0.2289018
0.2289018
0.2289018
0.2289018
0.2289018
0.283753
0.283753
0.2289018
0.2289018
0.2289018
0.2289018
0.2289018
0.2289018
0.2289018
0.283753
0.2289018
0.283753
0.2289018
0.283753
0.283753
0.283753
0.2289018
0.2289018
0.283753
0.2289018
0.2289018
0.2289018
0.283753
0.2289018
0.283753
0.2289018
0.283753
0.2289018
0.283753
0.2289018
0.2289018
0.2289018
0.283753
0.283753
0.2289018
0.283753
0.283753
0.2289018
0.2289018
0.2289018
0.2289018
0.2289018
0.2289018
0.2289018
0.2289018
0.283753
0.283753
0.2289018
0.2289018
0.2289018
0.283753
0.2289018
0.2289018
0.283753
0.2289018
0.2289018
0.283753
0.2289018
0.2289018
0.2289018
0.2289018
0.2289018
0.283753
0.283753
0.283753
0.283753
0.2289018
0.2289018
0.283753
0.283753
0.2289018
0.2289018
0.283753
0.2289018
0.2289018
0.2289018
0.2289018
0.283753
0.2289018
0.2289018
0.283753
0.2289018
0.2289018
0.2289018
0.2289018
0.2289018
0.2289018
0.283753
0.2289018
0.2289018
0.2289018
0.2289018
0.283753
0.2289018
0.2289018
0.2289018
0.283753
0.283753
0.2289018
0.2289018
0.2289018
0.2289018
0.2289018
0.2289018
0.283753
0.2289018
0.283753
0.2289018
0.283753
0.2289018
0.2289018
0.283753
0.283753
0.283753
0.2289018
0.283753
0.2289018
0.2289018
0.2289018
0.283753
0.2289018
0.2289018
0.2289018
0.2289018
0.283753
0.283753
0.283753
0.283753
0.283753
0.283753
0.283753
0.283753
0.283753
0.283753
0.2289018
0.283753
0.283753
0.2289018
0.283753
0.283753
0.283753
0.283753
0.2289018
0.283753
0.283753
0.2289018
0.2289018
0.283753
0.2289018
0.2289018
0.2289018
0.2289018
0.2289018
0.2289018
0.2289018
0.283753
0.2289018
0.2289018
0.2289018
0.2289018
0.2289018
0.283753
0.2289018
0.2289018
0.2289018
0.2289018
0.2289018
0.2289018
0.283753
0.283753
0.283753
0.2289018
0.2289018
0.2289018
0.2289018
0.2289018
0.283753
0.2289018
0.2289018
0.283753
0.2289018
0.283753
0.283753
0.2289018
0.2289018
0.2289018
0.283753
0.283753
0.283753
0.2289018
0.2289018
0.2289018
0.2289018
0.283753
0.2289018
0.2289018
0.2289018
0.283753
0.283753
0.2289018
0.2289018
0.283753
0.283753
0.2289018
0.283753
0.2289018
0.283753
0.2289018
0.283753
0.283753
0.2289018
0.2289018
0.2289018
0.2289018
0.2289018
0.283753
0.2289018
0.2289018
0.283753
0.283753
0.283753
0.2289018
0.283753
0.2289018
0.2289018
0.2289018
0.2289018
0.2289018
0.283753
0.2289018
0.2289018
0.2289018
0.2289018
0.2289018
0.2289018
0.283753
0.283753
0.2289018
0.2289018
0.283753
0.283753
0.2289018
0.2289018
0.283753
0.283753
0.283753
0.2289018
0.2289018
0.283753
0.2289018
0.2289018
0.2289018
0.2289018
0.2289018
0.283753
0.283753
0.2289018
0.283753
0.283753
0.283753
0.2289018
0.2289018
0.2289018
0.2289018
0.2289018
0.283753
0.283753
0.283753
0.2289018
0.2289018
0.2289018
0.2289018
0.283753
0.283753
0.2289018
0.283753
0.2289018
0.2289018
0.2289018
0.2289018
0.2289018
0.283753
0.283753
0.2289018
0.283753
0.2289018
0.283753
0.2289018
0.283753
0.283753
0.283753
0.283753
0.283753
0.2289018
0.283753
0.2289018
0.2289018
0.283753
0.283753
0.2289018
0.283753
0.2289018
0.2289018
0.283753
0.2289018
0.283753
0.2289018
0.283753
0.283753
0.2289018
0.283753
0.2289018
0.2289018
0.2289018
0.2289018
0.2289018
0.283753
0.2289018
0.283753
0.283753
0.2289018
0.283753
0.2289018
0.2289018
0.2289018
0.283753
0.283753
0.283753
0.283753
0.283753
0.2289018
0.283753
0.283753
0.2289018
0.283753
0.283753
0.283753
0.2289018
0.283753
0.283753
0.2289018
0.2289018
0.2289018
0.2289018
0.2289018
0.2289018
0.2289018
0.283753
0.283753
0.283753
0.283753
0.2289018
0.283753
0.2289018
0.283753
0.2289018
0.2289018
0.2289018
0.283753
0.283753
0.2289018
0.2289018
0.2289018
0.283753
0.2289018
0.2289018
0.283753
0.2289018
0.283753
0.2706877
0.2878398
0.2878398
0.2878398
0.2289018
0.5110436
0.5036337
0.2289018
0.2576419
0.5110436
0.3367411
0.5110436
0.2337014
0.3587171
0.2289018
0.4370139
0.3367411
0.5110436
0.5110436
0.2289018
0.5036337
0.3069417
0.1755371
0.5036337
0.4848057
0.4848057
0.4848057
0.4848057
0.2878398
0.4848057
0.4848057
0.4848057
0.3924243
0.5036337
0.4848057
0.4848057
0.4848057
0.2706877
0.4329897
0.2706877
0.2764283
0.3587171
0.2764283
0.4096923
0.2764283
0.2764283
0.2289018
0.283753
0.283753
0.283753
0.2878398
0.2706877
0.2706877
0.2706877
0.2706877
0.2706877
0.2706877
0.2706877
0.2706877
0.2878398
0.2289018
0.2289018
0.2289018
0.2289018
0.2337014
0.2391825
0.2337014
0.4848057
0.2706877
0.4848057
0.4848057
0.2706877
0.3587171
0.3576184
0.3576184
0.5036337
0.5110436
0.2289018
0.3587171
0.3587171
0.3924243
0.3587171
0.3587171
0.5110436
0.3587171
0.283753
0.5110436
0.2337014
0.2706877
0.2706877
0.2706877
0.4848057
0.2878398
0.2706877
0.2706877
0.2706877
0.2706877
0.2706877
0.2706877
0.2706877
0.2706877
0.2706877
0.2706877
0.4848057
0.4848057
0.4848057
0.1832814
0.2706877
0.2706877
0.2706877
0.2706877
0.2267452
0.3234348
0.4848057
0.3600256
0.4848057
0.4848057
0.2706877
0.3600256
0.3924243
0.2706877
0.4848057
0.2706877
0.2706877
0.3234348
0.4848057
0.4848057
0.2267452
0.4848057
0.3600256
0.3924243
0.2706877
0.3600256
0.3924243
0.2706877
0.4848057
0.4848057
0.2706877
0.2706877
0.2706877
0.3234348
0.3600256
0.2706877
0.4848057
0.2878398
0.4848057
0.3234348
0.5110436
0.2706877
0.2706877
0.2706877
0.2706877
0.4848057
0.2706877
0.1832814
0.2706877
0.3234348
0.3234348
0.2706877
0.2706877
0.4848057
0.4848057
0.2706877
0.4848057
0.4848057
0.4848057
0.2895025
0.4848057
0.2706877
0.2706877
0.4848057
0.3234348
0.2706877
0.2878398
0.5036337
0.5036337
0.2878398
0.2878398
0.2878398
0.2878398
0.2878398
0.4848057
0.4848057
0.3281571
0.2706877
0.2706877
0.2706877
0.4848057
0.4848057
0.4848057
0.4527544
0.5312078
0.3128354
0.5141822
0.5141822
0.2079354
0.2706877
0.2706877
0.2706877
0.2706877
0.2706877
0.2706877
0.2706877
0.2706877
0.2706877
0.2706877
0.2706877
0.2706877
0.2706877
0.2706877
0.2706877
0.2706877
0.2706877
0.2706877
0.2706877
0.2706877
0.2706877
0.2706877
0.3600256
0.2706877
0.2706877
0.2706877
0.2706877
0.2706877
0.2706877
0.2706877
0.2706877
0.2706877
0.2706877
0.2706877
0.2706877
0.4848057
0.4848057
0.2878398
0.2878398
0.3924243
0.2878398
0.3587171
0.2706877
0.2289018
0.3587171
0.3828315
0.3587171
0.2289018
0.4121308
0.06435311
0.06435311
0.3587171
0.2706877
0.2706877
0.2706877
0.2706877
0.2706877
0.2706877
0.2706877
0.2289018
0.2706877
0.2706877
0.2706877
0.2706877
0.2706877
0.2706877
0.2289018
0.3587171
0.3587171
0.3587171
0.4064646
0.1832814
0.3924243
0.2878398
0.2878398
0.2878398
0.1832814
0.1832814
0.1832814
0.2289018
0.2289018
0.3882598
0.3334807
0.3334807
0.3879572
0.3334807
0.3334807
0.3334807
0.4064646
0.4064646
0.2706877
0.3587171
0.2289018
0.2706877
0.2706877
0.2289018
0.3740516
0.3882736
0.3740516
0.3801504
0.4329897
0.6157345
0.5646944
0.3740516
0.4508981
0.5202096
0.4508981
0.6157345
0.5646944
0.3576184
0.1832814
0.2878398
0.2878398
0.2878398
0.2706877
0.2706877
0.2706877
0.2706877
0.2706877
0.2706877
0.2706877
0.2706877
0.2289018
0.2706877
0.2706877
0.2706877
0.2706877
0.2706877
0.2706877
0.2706877
0.3769735
0.3769735
0.6157345
0.4329897
0.4098432
0.3769735
0.4848057
0.375566
0.3769735
0.2289018
0.5110436
0.5036337
0.5110436
0.2289018
0.5110436
0.9949097
0.5110436
0.5110436
0.5110436
0.5110436
0.3367411
0.3367411
0.3367411
0.5110436
0.5110436
0.3367411
0.9949097
0.4675053
0.5110436
0.5110436
0.5110436
0.5110436
0.5110436
0.5110436
0.283753
0.5110436
0.5110436
0.5110436
0.4675053
0.5110436
0.9949097
0.5110436
0.5110436
0.9949097
0.9949097
0.3587171
0.1909243
0.4065611
0.06435311
0.3587171
0.2289018
0.2706877
0.2706877
0.4848057
0.4848057
0.4848057
0.4848057
0.3600256
0.2706877
0.4848057
0.4848057
0.2706877
0.4848057
0.2706877
0.2706877
0.2706877
0.4848057
0.2895025
0.2706877
0.2706877
0.3600256
0.2706877
0.2706877
0.2706877
0.2706877
0.2706877
0.4848057
0.2706877
0.3924243
0.2289018
0.3587171
0.3587171
0.283753
0.2289018
0.283753
0.3587171
0.2289018
0.3587171
0.283753
0.2289018
0.3587171
0.283753
0.283753
0.283753
0.283753
0.2289018
0.3587171
0.3587171
0.5110436
0.2337014
0.366648
0.5110436
0.2289018
0.3587171
0.283753
0.2289018
0.3658144
0.3587171
0.3587171
0.4370139
0.283753
0.5110436
0.2289018
0.5110436
0.2289018
0.2289018
0.3587171
0.3587171
0.2289018
0.2289018
0.4602114
0.5110436
0.2337014
0.3367411
0.5110436
0.5110436
0.2289018
0.5110436
0.283753
0.2289018
0.5036337
0.5110436
0.283753
0.2289018
0.5110436
0.3587171
0.04258326
0.283753
0.283753
0.3587171
0.3587171
0.5110436
0.174959
0.3587171
0.3587171
0.4848057
0.4848057
0.2289018
0.2289018
0.2289018
0.3587171
0.2289018
0.2289018
0.3587171
0.3587171
0.3587171
0.3314361
0.3587171
0.3587171
0.2289018
0.3587171
0.283753
0.3587171
0.3587171
0.3587171
0.1630621
0.283753
0.3587171
0.3367411
0.283753
0.283753
0.2289018
0.283753
0.3587171
0.3587171
0.2706877
0.3587171
0.3576184
0.2584683
0.2533468
0.3576184
0.3879673
0.4508328
0.3498741
0.3740516
0.3387028
0.3740516
0.4359997
0.283753
